Raw Metrics:
	ppv : 0.16296809986130376
	spec : 0.9995393753020823
	dsc : 0.18595450049455983
	acc : 0.9992151260375977
	sens : 0.2164900967296177
	npv : 0.9996753814315888
 
Post-processed Metrics
	ppv : nan
	spec : 1.0
	dsc : 0.0
	acc : 0.9995859146118165
	sens : 0.0
	npv : 0.9995859146118165
 
Raw Metrics Mid (4-14):
	ppv : 0.1699962306822465
	spec : 0.9991593279663181
	dsc : 0.18949579831932772
	acc : 0.9985282897949219
	sens : 0.21404841006169908
	npv : 0.999367646165954
 
Post-processed Metrics Mid (4-14):
	ppv : nan
	spec : 1.0
	dsc : 0.0
	acc : 0.9991962432861328
	sens : 0.0
	npv : 0.9991962432861328
