Raw Metrics:
	spec : 0.991981230411677
	npv : 0.9896863265781959
	dsc : 0.6202138808077784
	ppv : 0.6514684006970122
	acc : 0.982097053527832
	sens : 0.5918209757378264
 
Post-processed Metrics
	spec : 0.9996358571574407
	npv : 0.9794392179533339
	dsc : 0.28911912374725685
	ppv : 0.9226133577158057
	acc : 0.9791784286499023
	sens : 0.1714182020354898
 
Raw Metrics Mid (4-14):
	spec : 0.9881381274304708
	npv : 0.982656131267774
	dsc : 0.6476750702963705
	ppv : 0.6942430528456119
	acc : 0.9719425201416015
	sens : 0.6069616900548568
 
Post-processed Metrics Mid (4-14):
	spec : 0.9990299032811579
	npv : 0.9643428083581217
	dsc : 0.2817114043298409
	ppv : 0.8845698032709173
	acc : 0.9637008666992187
	sens : 0.16753306219193578


