Raw Metrics:
	ppv : 0.44647967945048656
	spec : 0.9996306959986465
	dsc : 0.32855939342881213
	acc : 0.9987838745117188
	sens : 0.2599133622125958
	npv : 0.9991521907337997
 
Post-processed Metrics
	ppv : nan
	spec : 1.0
	dsc : 0.0
	acc : 0.9988552093505859
	sens : 0.0
	npv : 0.9988552093505859
 
Raw Metrics Mid (4-14):
	ppv : 0.45454545454545453
	spec : 0.9992842499038402
	dsc : 0.3307186771252915
	acc : 0.9975914001464844
	sens : 0.2599133622125958
	npv : 0.9983032901350951
 
Post-processed Metrics Mid (4-14):
	ppv : nan
	spec : 1.0
	dsc : 0.0
	acc : 0.9977104187011718
	sens : 0.0
	npv : 0.9977104187011718
