Raw Metrics:
	dsc : 0.45972311214462097
	ppv : 0.5040056197068596
	spec : 0.987658331328466
	npv : 0.9829464661447802
	sens : 0.4225935607690017
	acc : 0.9713726043701172
 
Post-processed Metrics
	dsc : 0.14806752100259188
	ppv : 0.8107876712328768
	spec : 0.9994357566860279
	npv : 0.973450254184635
	sens : 0.08147314781112472
	acc : 0.9729791641235351
 
Raw Metrics Mid (4-14):
	dsc : 0.5028602247508908
	ppv : 0.5506394679007445
	spec : 0.9814234249594661
	npv : 0.973773614052533
	sens : 0.46271060959834687
	acc : 0.9571014404296875
 
Post-processed Metrics Mid (4-14):
	dsc : 0.15458666154822898
	ppv : 0.8348616537756159
	spec : 0.9991711102919605
	npv : 0.9568986764148402
	sens : 0.08517943002188469
	acc : 0.9563148498535157


