Raw Metrics:
	ppv : 0.1463773446119897
	spec : 0.9995571328233269
	dsc : 0.16757894736842105
	acc : 0.9992458343505859
	sens : 0.19596258000984737
	npv : 0.9996883683535678
 
Post-processed Metrics
	ppv : nan
	spec : 1.0
	dsc : 0.0
	acc : 0.9996126174926758
	sens : 0.0
	npv : 0.9996126174926758
 
Raw Metrics Mid (4-14):
	ppv : 0.14659300184162063
	spec : 0.9991154942352518
	dsc : 0.1725558205072621
	acc : 0.9985439300537109
	sens : 0.20969441517386722
	npv : 0.9994272021689945
 
Post-processed Metrics Mid (4-14):
	ppv : nan
	spec : 1.0
	dsc : 0.0
	acc : 0.9992759704589844
	sens : 0.0
	npv : 0.9992759704589844
