Raw Metrics:
	ppv : 0.19594912859161565
	spec : 0.999674262066186
	dsc : 0.18110579016107967
	acc : 0.9992824554443359
	sens : 0.16835289356535815
	npv : 0.9996078810751958
 
Post-processed Metrics
	ppv : nan
	spec : 1.0
	dsc : 0.0
	acc : 0.9995286941528321
	sens : 0.0
	npv : 0.9995286941528321
 
Raw Metrics Mid (4-14):
	ppv : 0.20873055694932263
	spec : 0.9993978546519642
	dsc : 0.1863799283154122
	acc : 0.998614501953125
	sens : 0.16835289356535815
	npv : 0.9992154832680333
 
Post-processed Metrics Mid (4-14):
	ppv : nan
	spec : 1.0
	dsc : 0.0
	acc : 0.999057388305664
	sens : 0.0
	npv : 0.999057388305664
