Raw Metrics:
	ppv : 0.4223279965382951
	spec : 0.9997449829453763
	dsc : 0.19049477895969552
	acc : 0.998417854309082
	sens : 0.12298387096774194
	npv : 0.9986718999406362
 
Post-processed Metrics
	ppv : nan
	spec : 1.0
	dsc : 0.0
	acc : 0.998486328125
	sens : 0.0
	npv : 0.998486328125
 
Raw Metrics Mid (4-14):
	ppv : 0.4223279965382951
	spec : 0.9994893781084346
	dsc : 0.21007318123116658
	acc : 0.9972000122070312
	sens : 0.13980805042257557
	npv : 0.9977072530600822
 
Post-processed Metrics Mid (4-14):
	ppv : nan
	spec : 1.0
	dsc : 0.0
	acc : 0.9973369598388672
	sens : 0.0
	npv : 0.9973369598388672
