Raw Metrics:
	ppv : 0.5239294710327456
	spec : 0.9997474994236193
	dsc : 0.47997362782264713
	acc : 0.9993982315063477
	sens : 0.44282238442822386
	npv : 0.9996503884180858
 
Post-processed Metrics
	ppv : nan
	spec : 1.0
	dsc : 0.0
	acc : 0.9993728637695313
	sens : 0.0
	npv : 0.9993728637695313
 
Raw Metrics Mid (4-14):
	ppv : 0.5239294710327456
	spec : 0.9994946817449866
	dsc : 0.47997362782264713
	acc : 0.9987964630126953
	sens : 0.44282238442822386
	npv : 0.999300405818088
 
Post-processed Metrics Mid (4-14):
	ppv : nan
	spec : 1.0
	dsc : 0.0
	acc : 0.9987457275390625
	sens : 0.0
	npv : 0.9987457275390625
