Raw Metrics:
	ppv : 0.002394731590500898
	spec : 0.9980929586341021
	dsc : 0.004693917465284568
	acc : 0.9980587005615235
	sens : 0.11764705882352941
	npv : 0.9999656019712364
 
Post-processed Metrics
	ppv : 0.0
	spec : 0.9999629959967009
	dsc : 0.0
	acc : 0.9999240875244141
	sens : 0.0
	npv : 0.9999610886480709
 
Raw Metrics Mid (4-14):
	ppv : 0.002555366269165247
	spec : 0.9964261134823419
	dsc : 0.005002084201750729
	acc : 0.9963577270507813
	sens : 0.11764705882352941
	npv : 0.9999310885557999
 
Post-processed Metrics Mid (4-14):
	ppv : 0.0
	spec : 0.9999568905661299
	dsc : 0.0
	acc : 0.9998790740966796
	sens : 0.0
	npv : 0.9999221768211292
