Raw Metrics:
	ppv : 0.38933440256615875
	spec : 0.9997094214051678
	dsc : 0.47285122960798637
	acc : 0.9995870590209961
	sens : 0.601983880967142
	npv : 0.9998774899406265
 
Post-processed Metrics
	ppv : nan
	spec : 1.0
	dsc : 0.0
	acc : 0.9996923446655274
	sens : 0.0
	npv : 0.9996923446655274
 
Raw Metrics Mid (4-14):
	ppv : 0.3902733118971061
	spec : 0.9994209541317041
	dsc : 0.47354303828334554
	acc : 0.9991764068603516
	sens : 0.601983880967142
	npv : 0.9997548637775721
 
Post-processed Metrics Mid (4-14):
	ppv : nan
	spec : 1.0
	dsc : 0.0
	acc : 0.9993846893310547
	sens : 0.0
	npv : 0.9993846893310547
