Raw Metrics:
	sens : 0.4383007216724946
	dsc : 0.39432132315044743
	spec : 0.9898100247793766
	acc : 0.9827405929565429
	npv : 0.9926852719523226
	ppv : 0.35836293736921504
 
Post-processed Metrics
	sens : 0.06006993527267317
	dsc : 0.10943048439998916
	spec : 0.9995092427557758
	acc : 0.9874671936035156
	npv : 0.9879365269733245
	ppv : 0.613805686483199
 
Raw Metrics Mid (4-14):
	sens : 0.5025814223637224
	dsc : 0.44152776202895266
	spec : 0.9860273232065505
	acc : 0.9774543762207031
	npv : 0.9909749744154985
	ppv : 0.39370092009032387
 
Post-processed Metrics Mid (4-14):
	sens : 0.053973239254829414
	dsc : 0.09873482478405446
	spec : 0.9992900844053914
	acc : 0.9825267791748047
	npv : 0.9831963052275742
	ppv : 0.578510491122896


