Raw Metrics:
	sens : 0.7827058221250058
	npv : 0.9990934028112862
	dsc : 0.2941752667482946
	spec : 0.9854377940905809
	acc : 0.98460693359375
	ppv : 0.18112500403864173
 
Post-processed Metrics
	sens : 0.19793363429050123
	npv : 0.9967072833348872
	dsc : 0.27988549241551774
	spec : 0.999109241537651
	acc : 0.9958257675170898
	ppv : 0.4776504941599281
 
Raw Metrics Mid (4-14):
	sens : 0.7859174266941257
	npv : 0.9982857827153029
	dsc : 0.33779070380088305
	spec : 0.9775178908792848
	acc : 0.9760272979736329
	ppv : 0.21512650157707536
 
Post-processed Metrics Mid (4-14):
	sens : 0.11939786211630872
	npv : 0.9931343824499539
	dsc : 0.18697688704599555
	spec : 0.9987631898859152
	acc : 0.9919219970703125
	ppv : 0.4308209483368719


