Raw Metrics:
	sens : 0.6154451671707337
	acc : 0.9872008539631133
	ppv : 0.37970962629722405
	npv : 0.9964052076852338
	dsc : 0.4696564915664174
	spec : 0.9906559491362038
 
Post-processed Metrics
	sens : 0.09230928475313115
	acc : 0.991239356994629
	ppv : 0.6813875305623472
	npv : 0.9916265877514353
	dsc : 0.16259184306003754
	spec : 0.9995986197138361
 
Raw Metrics Mid (4-14):
	sens : 0.6190932977436711
	acc : 0.9802631955469429
	ppv : 0.4701113204858197
	npv : 0.9928586787812916
	dsc : 0.5344133927366005
	spec : 0.9869944931707778
 
Post-processed Metrics Mid (4-14):
	sens : 0.0760445972699802
	acc : 0.982479476928711
	ppv : 0.6961083555894697
	npv : 0.9830532704328954
	dsc : 0.13711086478666842
	spec : 0.9993809878159906


