Raw Metrics:
	acc : 0.9868413925170898
	spec : 0.9908888806009459
	sens : 0.4760032998495657
	ppv : 0.2927579054185134
	npv : 0.9958275605507018
	dsc : 0.3625410025410025
 
Post-processed Metrics
	acc : 0.9921976089477539
	spec : 0.9994415250806185
	sens : 0.0779346823894793
	ppv : 0.5250940003269576
	npv : 0.992743227066033
	dsc : 0.13572500052819506
 
Raw Metrics Mid (4-14):
	acc : 0.978472900390625
	spec : 0.9851695275881759
	sens : 0.5041104899704044
	ppv : 0.32426143975181554
	npv : 0.9929442260093547
	dsc : 0.39466231871621044
 
Post-processed Metrics Mid (4-14):
	acc : 0.9861663818359375
	spec : 0.9989872136692886
	sens : 0.07798969637180751
	ppv : 0.5208638360175696
	npv : 0.9871382612072893
	dsc : 0.13566593574220612


